25
Taxon03    0.0000000 0.9122427 0.6934971 0.8620243 1.4034870 1.3285960 1.5024519 1.3780081 2.2017911 2.2458226 2.7463936 2.8931360 3.1062537 3.1184346 2.8173266 4.5688144 9.0000000 4.0879693 3.3833227 4.8488491 3.6890755 3.7648541 3.4823290 2.6880443 4.3406258 
group01    0.9122427 0.0000000 1.5524904 1.6923121 2.3923988 2.2618125 2.3299419 2.1479526 3.6883218 3.0168095 3.9713039 3.2216901 3.8354413 9.0000000 3.2840398 4.1599321 5.8940483 3.9092331 3.2447180 4.3151385 9.0000000 9.0000000 9.0000000 5.6196707 9.0000000 
Taxon01    0.6934971 1.5524904 0.0000000 0.2889458 1.6492621 1.5897728 1.8281050 1.6945852 2.6052188 2.5306280 4.4983492 4.7983744 2.9561001 3.1884422 3.1798725 3.3234054 9.0000000 3.5113699 9.0000000 3.5294323 4.8156725 4.3925737 4.3073338 3.0192617 4.1779021 
Taxon02    0.8620243 1.6923121 0.2889458 0.0000000 1.8364062 1.8645100 1.9902508 1.9590679 3.0019299 3.1198730 9.0000000 9.0000000 2.9619952 3.2522203 3.5556425 3.5539139 9.0000000 3.8328294 9.0000000 4.0628669 5.1974042 4.9688481 3.8062180 3.3421534 8.2068356 
Taxon07    1.4034870 2.3923988 1.6492621 1.8364062 0.0000000 0.7467844 1.5757216 1.5302849 3.2587518 2.9547627 4.8791602 4.5718609 3.1417815 4.1581514 2.9029498 9.0000000 3.8643651 3.0606237 5.5822896 9.0000000 3.6648632 9.0000000 9.0000000 2.9853190 2.9601998 
Taxon08    1.3285960 2.2618125 1.5897728 1.8645100 0.7467844 0.0000000 1.4548704 1.4393976 2.5981755 2.9201362 3.9456415 9.0000000 3.2793575 4.8475040 3.1196674 3.4476817 9.0000000 4.2205625 9.0000000 7.7497723 9.0000000 9.0000000 8.9999981 3.4020558 4.3668680 
group02    1.5024519 2.3299419 1.8281050 1.9902508 1.5757216 1.4548704 0.0000000 1.2659247 2.8614180 2.7353477 3.7207333 9.0000000 3.5734530 4.1072730 3.3892732 3.1869327 9.0000000 3.6357888 4.7726179 3.7831702 4.8057094 9.0000000 9.0000000 9.0000000 9.0000000 
Taxon06    1.3780081 2.1479526 1.6945852 1.9590679 1.5302849 1.4393976 1.2659247 0.0000000 2.7160767 3.4887339 3.2654616 3.0353416 4.1058877 3.4342938 3.4186151 3.4814874 3.1712801 3.5858626 9.0000000 4.2800917 3.4995041 9.0000000 9.0000000 3.1638275 3.3653362 
Taxon16    2.2017911 3.6883218 2.6052188 3.0019299 3.2587518 2.5981755 2.8614180 2.7160767 0.0000000 0.7522164 1.5392897 1.8021969 1.7196656 2.1794748 1.9126491 2.8248834 2.2748353 2.9208255 3.7632626 3.2910752 2.8896221 2.3435401 3.4365348 1.8424057 1.9361225 
Taxon15    2.2458226 3.0168095 2.5306280 3.1198730 2.9547627 2.9201362 2.7353477 3.4887339 0.7522164 0.0000000 1.3504341 1.6095819 1.7531938 2.0333004 1.8780763 2.3964045 2.2648302 2.8112227 9.0000000 4.2410600 2.6729758 2.4539682 2.8725293 1.8499695 1.9497537 
Taxon13    2.7463936 3.9713039 4.4983492 9.0000000 4.8791602 3.9456415 3.7207333 3.2654616 1.5392897 1.3504341 0.0000000 1.0767155 2.5145970 3.0231565 2.6349868 3.0451389 3.0446979 4.2757430 4.6783036 9.0000000 9.0000000 3.1255137 3.8040106 2.3900528 2.4126644 
group03    2.8931360 3.2216901 4.7983744 9.0000000 4.5718609 9.0000000 9.0000000 3.0353416 1.8021969 1.6095819 1.0767155 0.0000000 2.5761310 3.0154871 2.9458157 4.1697594 3.7237384 8.9999981 9.0000000 9.0000000 9.0000000 4.0134305 4.3853584 2.7675237 2.5444818 
Taxon11    3.1062537 3.8354413 2.9561001 2.9619952 3.1417815 3.2793575 3.5734530 4.1058877 1.7196656 1.7531938 2.5145970 2.5761310 0.0000000 1.4220241 1.5453746 1.7455931 3.1351965 4.5753252 3.4866147 4.5825200 3.6260098 9.0000000 9.0000000 2.6479753 2.6734333 
Taxon12    3.1184346 9.0000000 3.1884422 3.2522203 4.1581514 4.8475040 4.1072730 3.4342938 2.1794748 2.0333004 3.0231565 3.0154871 1.4220241 0.0000000 1.9427139 2.3542932 3.3633071 3.9945532 4.8440999 3.4745779 9.0000000 3.7342620 9.0000000 3.1597061 3.1293151 
Taxon09    2.8173266 3.2840398 3.1798725 3.5556425 2.9029498 3.1196674 3.3892732 3.4186151 1.9126491 1.8780763 2.6349868 2.9458157 1.5453746 1.9427139 0.0000000 1.4701221 3.2175256 4.0604934 8.9999990 3.4927724 9.0000000 2.9974299 3.1075153 2.7978543 3.0310220 
Taxon10    4.5688144 4.1599321 3.3234054 3.5539139 9.0000000 3.4476817 3.1869327 3.4814874 2.8248834 2.3964045 3.0451389 4.1697594 1.7455931 2.3542932 1.4701221 0.0000000 9.0000000 9.0000000 9.0000000 9.0000000 3.9153118 4.5387554 3.5662943 3.3278775 3.2221954 
group04    9.0000000 5.8940483 9.0000000 9.0000000 3.8643651 9.0000000 9.0000000 3.1712801 2.2748353 2.2648302 3.0446979 3.7237384 3.1351965 3.3633071 3.2175256 9.0000000 0.0000000 2.0870930 2.7569007 2.4450285 2.3674640 3.0181469 4.0130315 2.1041330 2.1973656 
Taxon23    4.0879693 3.9092331 3.5113699 3.8328294 3.0606237 4.2205625 3.6357888 3.5858626 2.9208255 2.8112227 4.2757430 8.9999981 4.5753252 3.9945532 4.0604934 9.0000000 2.0870930 0.0000000 0.9566220 1.1140546 1.0943262 3.4479827 3.4847230 2.9629824 3.3075688 
Taxon24    3.3833227 3.2447180 9.0000000 9.0000000 5.5822896 9.0000000 4.7726179 9.0000000 3.7632626 9.0000000 4.6783036 9.0000000 3.4866147 4.8440999 8.9999990 9.0000000 2.7569007 0.9566220 0.0000000 1.6735022 1.6184932 9.0000000 4.1939012 4.0737924 9.0000000 
Taxon21    4.8488491 4.3151385 3.5294323 4.0628669 9.0000000 7.7497723 3.7831702 4.2800917 3.2910752 4.2410600 9.0000000 9.0000000 4.5825200 3.4745779 3.4927724 9.0000000 2.4450285 1.1140546 1.6735022 0.0000000 1.2175613 3.7032126 2.7343753 2.9848198 3.0249761 
Taxon22    3.6890755 9.0000000 4.8156725 5.1974042 3.6648632 9.0000000 4.8057094 3.4995041 2.8896221 2.6729758 9.0000000 9.0000000 3.6260098 9.0000000 9.0000000 3.9153118 2.3674640 1.0943262 1.6184932 1.2175613 0.0000000 9.0000000 4.1609938 2.6228976 2.9243764 
Taxon17    3.7648541 9.0000000 4.3925737 4.9688481 9.0000000 9.0000000 9.0000000 9.0000000 2.3435401 2.4539682 3.1255137 4.0134305 9.0000000 3.7342620 2.9974299 4.5387554 3.0181469 3.4479827 9.0000000 3.7032126 9.0000000 0.0000000 0.8806476 1.0475574 1.1730848 
Taxon18    3.4823290 9.0000000 4.3073338 3.8062180 9.0000000 8.9999981 9.0000000 9.0000000 3.4365348 2.8725293 3.8040106 4.3853584 9.0000000 9.0000000 3.1075153 3.5662943 4.0130315 3.4847230 4.1939012 2.7343753 4.1609938 0.8806476 0.0000000 1.7726790 1.9094433 
Taxon19    2.6880443 5.6196707 3.0192617 3.3421534 2.9853190 3.4020558 9.0000000 3.1638275 1.8424057 1.8499695 2.3900528 2.7675237 2.6479753 3.1597061 2.7978543 3.3278775 2.1041330 2.9629824 4.0737924 2.9848198 2.6228976 1.0475574 1.7726790 0.0000000 0.2318454 
Taxon20    4.3406258 9.0000000 4.1779021 8.2068356 2.9601998 4.3668680 9.0000000 3.3653362 1.9361225 1.9497537 2.4126644 2.5444818 2.6734333 3.1293151 3.0310220 3.2221954 2.1973656 3.3075688 9.0000000 3.0249761 2.9243764 1.1730848 1.9094433 0.2318454 0.0000000 
