16
Taxon25    0.0000000 4.9956366 9.0000000 9.0000000 9.0000000 3.3608630 3.1295282 3.9809318 9.0000000 9.0000000 8.9999987 9.0000000 8.9999989 3.5221366 4.0825202 4.1893671 
Taxon67    4.9956366 0.0000000 0.1748254 0.2320892 0.3395469 0.3898373 0.3562831 0.1875669 0.1428523 0.2499782 0.0499545 0.1468161 0.0499421 0.1364274 0.0946108 0.0875593 
Taxon66    9.0000000 0.1748254 0.0000000 0.0567060 0.1404068 0.3517488 0.3198162 0.1582238 0.3451776 0.4873012 0.2258155 0.3506374 0.2257530 0.3370001 0.2828229 0.2737497 
Taxon64    9.0000000 0.2320892 0.0567060 0.0000000 0.0772257 0.4249995 0.3898461 0.2141717 0.4176961 0.5757835 0.2872911 0.4237968 0.2872084 0.4087756 0.3493872 0.3394734 
Taxon65    9.0000000 0.3395469 0.1404068 0.0772257 0.0000000 0.5672708 0.5249209 0.3188693 0.5583231 0.7535830 0.4036932 0.5658676 0.4035663 0.5477486 0.4768140 0.4650621 
Taxon62    3.3608630 0.3898373 0.3517488 0.4249995 0.5672708 0.0000000 0.1552551 0.2100983 0.6260645 0.8446427 0.4585788 0.6343967 0.4584305 0.6146014 0.5374775 0.5247537 
Taxon63    3.1295282 0.3562831 0.3198162 0.3898461 0.5249209 0.1552551 0.0000000 0.1836264 0.5804463 0.7842851 0.4218530 0.5882331 0.4217198 0.5695987 0.4967590 0.4847072 
Taxon61    3.9809318 0.1875669 0.1582238 0.2141717 0.3188693 0.2100983 0.1836264 0.0000000 0.3610360 0.5078965 0.2394228 0.3666277 0.2393559 0.3527091 0.2974715 0.2882266 
Taxon68    9.0000000 0.1428523 0.3451776 0.4176961 0.5583231 0.6260645 0.5804463 0.3610360 0.0000000 0.0892437 0.1079504 0.2131770 0.1079226 0.2677856 0.2182694 0.2099539 
Taxon69    9.0000000 0.2499782 0.4873012 0.5757835 0.7535830 0.8446427 0.7842851 0.5078965 0.0892437 0.0000000 0.2099426 0.3318020 0.2098850 0.3960828 0.3377206 0.3279715 
Taxon71    8.9999987 0.0499545 0.2258155 0.2872911 0.4036932 0.4585788 0.4218530 0.2394228 0.1079504 0.2099426 0.0000000 0.0902360 0.0109977 0.1592678 0.1161850 0.1089246 
Taxon72    9.0000000 0.1468161 0.3506374 0.4237968 0.5658676 0.6343967 0.5882331 0.3666277 0.2131770 0.3318020 0.0902360 0.0000000 0.1026731 0.2726259 0.2227460 0.2143713 
Taxon70    8.9999989 0.0499421 0.2257530 0.2872084 0.4035663 0.4584305 0.4217198 0.2393559 0.1079226 0.2098850 0.0109977 0.1026731 0.0000000 0.1592255 0.1161550 0.1088966 
Taxon74    3.5221366 0.1364274 0.3370001 0.4087756 0.5477486 0.6146014 0.5695987 0.3527091 0.2677856 0.3960828 0.1592678 0.2726259 0.1592255 0.0000000 0.0466243 0.0482916 
Taxon75    4.0825202 0.0946108 0.2828229 0.3493872 0.4768140 0.5374775 0.4967590 0.2974715 0.2182694 0.3377206 0.1161850 0.2227460 0.1161550 0.0466243 0.0000000 0.0109942 
Taxon73    4.1893671 0.0875593 0.2737497 0.3394734 0.4650621 0.5247537 0.4847072 0.2882266 0.2099539 0.3279715 0.1089246 0.2143713 0.1088966 0.0482916 0.0109942 0.0000000 
