11
Taxon14    0.0000000 3.3426168 2.9020320 2.3623742 2.7416125 3.0824561 3.7737937 3.0938231 3.0806325 2.9064365 2.7166792 
Taxon52    3.3426168 0.0000000 0.0952138 0.1557108 0.4954893 1.3450029 1.2479118 0.9565774 1.3485110 1.1770708 0.8323765 
Taxon53    2.9020320 0.0952138 0.0000000 0.0818962 0.3827524 1.0411608 0.9738281 0.7602130 1.0440235 0.9252077 0.6630273 
Taxon51    2.3623742 0.1557108 0.0818962 0.0000000 0.2746575 0.8031551 0.7529948 0.5886201 0.8055414 0.7173665 0.5106089 
Taxon60    2.7416125 0.4954893 0.3827524 0.2746575 0.0000000 0.3485687 0.3202021 0.2236563 0.3502400 0.3011145 0.1752194 
Taxon58    3.0824561 1.3450029 1.0411608 0.8031551 0.3485687 0.0000000 0.1904706 0.1428432 0.6386800 0.5672616 0.3936815 
Taxon59    3.7737937 1.2479118 0.9738281 0.7529948 0.3202021 0.1904706 0.0000000 0.1210209 0.5978116 0.5299235 0.3636538 
Taxon57    3.0938231 0.9565774 0.7602130 0.5886201 0.2236563 0.1428432 0.1210209 0.0000000 0.4616101 0.4047181 0.2617267 
Taxon55    3.0806325 1.3485110 1.0440235 0.8055414 0.3502400 0.6386800 0.5978116 0.4616101 0.0000000 0.0717609 0.1803999 
Taxon56    2.9064365 1.1770708 0.9252077 0.7173665 0.3011145 0.5672616 0.5299235 0.4047181 0.0717609 0.0000000 0.1411166 
Taxon54    2.7166792 0.8323765 0.6630273 0.5106089 0.1752194 0.3936815 0.3636538 0.2617267 0.1803999 0.1411166 0.0000000 
