16
Taxon05    0.0000000 9.0000000 9.0000000 9.0000000 9.0000000 9.0000000 3.9715428 9.0000000 9.0000000 9.0000000 9.0000000 9.0000000 9.0000000 4.4179313 9.0000000 5.2529980 
Taxon36    9.0000000 0.0000000 0.1047137 0.1861567 0.1658887 0.1692669 0.1659945 0.1973219 0.3230380 0.3129352 0.2042437 0.3036557 0.2061580 0.2924140 0.1999747 0.1627568 
Taxon37    9.0000000 0.1047137 0.0000000 0.1552191 0.1357805 0.1390161 0.1358652 0.1659265 0.2860306 0.2764110 0.1725650 0.2675969 0.1743767 0.2568183 0.1684620 0.1327446 
Taxon38    9.0000000 0.1861567 0.1552191 0.0000000 0.1674212 0.1808887 0.1775709 0.2093755 0.3372284 0.3269402 0.2164043 0.3174815 0.2183584 0.3060628 0.2120731 0.1742893 
Taxon39    9.0000000 0.1658887 0.1357805 0.1674212 0.0000000 0.1607795 0.1575450 0.1884800 0.3124550 0.3025023 0.1953138 0.2933660 0.1971972 0.2822697 0.1910967 0.1543441 
Taxon40    9.0000000 0.1692669 0.1390161 0.1808887 0.1607795 0.0000000 0.1317977 0.1799848 0.3024427 0.2926208 0.1867421 0.2836105 0.1885977 0.2726397 0.1825698 0.1462222 
Taxon41    3.9715428 0.1659945 0.1358652 0.1775709 0.1575450 0.1317977 0.0000000 0.1766717 0.2985855 0.2888104 0.1834015 0.2798455 0.1852469 0.2689188 0.1792452 0.1430436 
Taxon44    9.0000000 0.1973219 0.1659265 0.2093755 0.1884800 0.1799848 0.1766717 0.0000000 0.1381870 0.1302654 0.0451840 0.1246628 0.2015802 0.2871959 0.1954415 0.1584746 
Taxon45    9.0000000 0.3230380 0.2860306 0.3372284 0.3124550 0.3024427 0.2985855 0.1381870 0.0000000 0.1494371 0.1461985 0.2377309 0.3280406 0.4304800 0.3207296 0.2772753 
Taxon46    9.0000000 0.3129352 0.2764110 0.3269402 0.3025023 0.2926208 0.2888104 0.1302654 0.1494371 0.0000000 0.1381941 0.2287120 0.3178729 0.4188384 0.3106636 0.2677675 
Taxon42    9.0000000 0.2042437 0.1725650 0.2164043 0.1953138 0.1867421 0.1834015 0.0451840 0.1461985 0.1381941 0.0000000 0.0775380 0.2085391 0.2949908 0.2023415 0.1650470 
Taxon43    9.0000000 0.3036557 0.2675969 0.3174815 0.2933660 0.2836105 0.2798455 0.1246628 0.2377309 0.2287120 0.0775380 0.0000000 0.3085307 0.4080807 0.3014186 0.2590610 
Taxon47    9.0000000 0.2061580 0.1743767 0.2183584 0.1971972 0.1885977 0.1852469 0.2015802 0.3280406 0.3178729 0.2085391 0.3085307 0.0000000 0.0702904 0.1279190 0.0940436 
Taxon48    4.4179313 0.2924140 0.2568183 0.3060628 0.2822697 0.2726397 0.2689188 0.2871959 0.4304800 0.4188384 0.2949908 0.4080807 0.0702904 0.0000000 0.2050800 0.1676329 
Taxon49    9.0000000 0.1999747 0.1684620 0.2120731 0.1910967 0.1825698 0.1792452 0.1954415 0.3207296 0.3106636 0.2023415 0.3014186 0.1279190 0.2050800 0.0000000 0.0872568 
Taxon50    5.2529980 0.1627568 0.1327446 0.1742893 0.1543441 0.1462222 0.1430436 0.1584746 0.2772753 0.2677675 0.1650470 0.2590610 0.0940436 0.1676329 0.0872568 0.0000000 
