11
Taxon04    0.0000000 9.0000000 8.9999982 9.0000000 9.0000000 9.0000000 8.9999989 9.0000000 9.0000000 9.0000000 9.0000000 
Taxon26    9.0000000 0.0000000 0.2006566 0.3931247 0.3089587 0.4321495 0.3697673 0.3308630 0.2410702 0.4322120 0.3978476 
Taxon27    8.9999982 0.2006566 0.0000000 0.3882096 0.3045789 0.4269693 0.3650050 0.3263453 0.2370850 0.4270314 0.3929020 
Taxon28    9.0000000 0.3931247 0.3882096 0.0000000 0.0688894 0.4039527 0.3437826 0.3061723 0.2191716 0.4040123 0.3708944 
Taxon29    9.0000000 0.3089587 0.3045789 0.0688894 0.0000000 0.3186725 0.2647126 0.2307618 0.1517117 0.3187215 0.2890976 
Taxon31    9.0000000 0.4321495 0.4269693 0.4039527 0.3186725 0.0000000 0.2332023 0.3004731 0.2166191 0.4007209 0.3677486 
Taxon32    8.9999989 0.3697673 0.3650050 0.3437826 0.2647126 0.2332023 0.0000000 0.2477159 0.1692667 0.3408020 0.3102973 
Taxon30    9.0000000 0.3308630 0.3263453 0.3061723 0.2307618 0.3004731 0.2477159 0.0000000 0.1392626 0.3033385 0.2742828 
Taxon33    9.0000000 0.2410702 0.2370850 0.2191716 0.1517117 0.2166191 0.1692667 0.1392626 0.0000000 0.2091626 0.1834944 
Taxon34    9.0000000 0.4322120 0.4270314 0.4040123 0.3187215 0.4007209 0.3408020 0.3033385 0.2091626 0.0000000 0.1883367 
Taxon35    9.0000000 0.3978476 0.3929020 0.3708944 0.2890976 0.3677486 0.3102973 0.2742828 0.1834944 0.1883367 0.0000000 
